Epoch, Train Recon Loss, Test Recon Loss, R Loss train, R Loss test, Rendering Loss train, Rendering Loss test, Train Time, Test Time
0,0.005618,0.045900,0.014870,0.172734,0.007786,0.024834,58.59,29.87
1,0.005093,0.047762,0.012039,0.173222,0.006663,0.024658,48.57,29.92
2,0.004432,0.047644,0.012746,0.169779,0.006197,0.024665,46.20,30.38
3,0.004349,0.048549,0.011313,0.176449,0.005511,0.023948,43.29,30.81
4,0.003967,0.049105,0.009836,0.178482,0.005219,0.024660,41.66,30.16
5,0.003785,0.048911,0.009684,0.192193,0.004994,0.023600,39.86,30.48
6,0.003641,0.048604,0.008054,0.199719,0.004705,0.023333,38.80,29.94
7,0.003519,0.049352,0.008108,0.203927,0.004458,0.025373,38.57,30.31
8,0.003456,0.049915,0.008063,0.215168,0.004374,0.022569,39.37,31.58
9,0.003223,0.050819,0.008061,0.219295,0.004065,0.023498,40.06,30.33
10,0.003344,0.051817,0.009819,0.241942,0.004316,0.022658,39.50,29.66
11,0.003280,0.053373,0.008831,0.248662,0.004008,0.021715,37.40,29.65
12,0.003051,0.054685,0.005916,0.268034,0.003566,0.021564,37.01,29.42
13,0.002985,0.053589,0.008124,0.264560,0.003941,0.020884,36.62,29.42
14,0.003070,0.053211,0.006999,0.269647,0.003556,0.021587,36.52,29.35
15,0.003018,0.053676,0.009083,0.268226,0.003776,0.021037,36.23,29.55
16,0.003063,0.055798,0.008848,0.289347,0.003715,0.020467,43.69,90.31
17,0.002968,0.057326,0.007481,0.291689,0.003638,0.020546,63.56,59.44
18,0.002880,0.056261,0.007686,0.283679,0.003576,0.020910,51.86,28.84
19,0.002841,0.059303,0.006176,0.307744,0.003312,0.019723,46.48,28.67
20,0.002889,0.058443,0.008118,0.304918,0.003452,0.019956,41.46,28.47
21,0.002743,0.060129,0.006116,0.313556,0.003255,0.019917,39.95,28.48
22,0.002702,0.060255,0.007058,0.318276,0.003229,0.020226,38.53,28.49
23,0.002653,0.060057,0.006670,0.331089,0.003314,0.020846,37.45,28.40
24,0.002728,0.062275,0.005656,0.324383,0.003160,0.020271,35.97,28.47
25,0.002694,0.063012,0.005173,0.331217,0.003058,0.020568,35.81,28.37
26,0.002648,0.061212,0.007376,0.312796,0.003313,0.020111,34.93,28.42
27,0.002604,0.060823,0.004219,0.315204,0.002961,0.020893,34.69,28.46
28,0.002779,0.058232,0.007790,0.289020,0.003725,0.021132,34.35,28.44
29,0.003718,0.057312,0.012683,0.251213,0.004505,0.020391,34.59,28.44
30,0.003645,0.054000,0.011318,0.236593,0.004543,0.019805,34.15,28.43
31,0.003344,0.053662,0.008610,0.236280,0.004087,0.018925,33.96,28.34
32,0.002864,0.054084,0.006788,0.240217,0.003638,0.020125,33.80,28.39
33,0.002968,0.055449,0.006253,0.242388,0.003476,0.018408,34.02,28.46
34,0.002863,0.056670,0.009507,0.244920,0.003707,0.019215,33.88,28.66
35,0.002712,0.057135,0.007888,0.260506,0.003355,0.018991,33.70,28.42
36,0.002678,0.056860,0.005626,0.256125,0.003079,0.019767,33.70,28.46
37,0.002571,0.056895,0.005933,0.256020,0.003151,0.019088,33.82,28.52
38,0.002637,0.058038,0.005988,0.264845,0.003028,0.019367,33.63,28.44
39,0.002580,0.059092,0.005428,0.285622,0.003017,0.020532,33.72,28.46
40,0.002547,0.058232,0.006152,0.277294,0.003046,0.020047,33.94,28.42
41,0.002551,0.057179,0.006489,0.263512,0.003031,0.020240,33.69,28.41
42,0.002447,0.057552,0.004758,0.274552,0.002879,0.019993,33.55,28.43
43,0.002469,0.057966,0.006288,0.283898,0.003072,0.020541,33.61,28.39
44,0.002578,0.064032,0.006312,0.330348,0.002980,0.021103,33.86,28.40
45,0.002497,0.063214,0.005124,0.343847,0.002807,0.021205,33.64,28.43
46,0.002388,0.062824,0.005643,0.312997,0.003048,0.021066,33.53,28.40
47,0.002567,0.063106,0.005233,0.332015,0.002811,0.021746,33.51,28.37
48,0.002514,0.065211,0.004391,0.341915,0.002750,0.020953,33.59,28.41
49,0.002318,0.062971,0.006009,0.324101,0.002994,0.021324,33.66,28.42
50,0.002365,0.063797,0.004424,0.332130,0.002683,0.021265,33.61,28.43
51,0.002400,0.064118,0.005012,0.320285,0.002731,0.021051,33.70,28.40
52,0.002422,0.065364,0.005969,0.339789,0.002842,0.021081,33.58,28.39
53,0.002392,0.063986,0.005015,0.324943,0.002776,0.021172,33.53,28.62
54,0.002409,0.065518,0.005079,0.338244,0.002699,0.021592,33.58,28.39
55,0.002339,0.065339,0.004997,0.334814,0.002811,0.021649,33.61,28.40
56,0.002413,0.064865,0.006636,0.332038,0.002943,0.021894,33.70,28.36
57,0.002351,0.064392,0.004119,0.325089,0.002660,0.022045,33.69,28.38
58,0.002318,0.065167,0.004108,0.326170,0.002698,0.021520,33.58,28.37
59,0.002353,0.064436,0.004668,0.332240,0.002820,0.021913,33.58,28.44
60,0.002872,0.066138,0.009261,0.354812,0.003619,0.023044,33.51,28.38
61,0.002925,0.067287,0.007153,0.359169,0.003403,0.022510,33.61,28.36
62,0.002627,0.063875,0.007186,0.346084,0.003523,0.021556,33.54,28.37
63,0.002543,0.063600,0.004723,0.338378,0.003075,0.021466,33.71,28.37
64,0.002477,0.064338,0.006050,0.337801,0.003271,0.021450,33.60,28.33
65,0.002543,0.065476,0.006014,0.345415,0.002995,0.022723,33.57,28.57
66,0.002433,0.065379,0.005358,0.344873,0.003012,0.024065,33.53,28.38
67,0.002402,0.064692,0.005872,0.333923,0.003152,0.022826,33.55,28.39
68,0.002506,0.064795,0.005936,0.328083,0.003161,0.023152,33.55,28.43
69,0.002661,0.063288,0.007624,0.291087,0.003289,0.021629,33.58,28.39
70,0.002697,0.065092,0.007422,0.304486,0.003236,0.021418,33.65,28.37
71,0.002509,0.064057,0.006248,0.300906,0.003002,0.021743,33.52,28.34
72,0.002515,0.062911,0.006558,0.296865,0.002975,0.021676,33.52,28.64
73,0.002326,0.064751,0.004659,0.317215,0.002830,0.021592,33.63,28.33
74,0.002429,0.064431,0.005594,0.314005,0.002757,0.022395,33.61,28.38
75,0.002323,0.065174,0.005009,0.315177,0.002740,0.021663,33.62,28.37
76,0.002361,0.066216,0.004630,0.324660,0.002651,0.020963,33.57,28.58
77,0.002280,0.065885,0.005515,0.324122,0.002759,0.021411,33.64,28.37
78,0.002187,0.065912,0.004937,0.338456,0.002745,0.021225,33.51,28.37
79,0.002272,0.067536,0.005472,0.334195,0.002696,0.022061,33.48,28.34
80,0.002308,0.069581,0.004594,0.345721,0.002624,0.021580,33.57,28.33
81,0.002224,0.069314,0.004619,0.351423,0.002678,0.022061,33.65,28.34
82,0.002368,0.068859,0.005604,0.326086,0.002712,0.021743,33.74,28.32
83,0.002274,0.067546,0.005497,0.325952,0.002713,0.021748,33.53,28.35
84,0.002282,0.068278,0.004728,0.332262,0.002588,0.022018,33.60,28.34
85,0.002297,0.069279,0.004314,0.347287,0.002614,0.021803,33.56,28.36
86,0.002384,0.068019,0.006760,0.336623,0.002711,0.022218,33.46,28.37
87,0.002308,0.067987,0.005164,0.335671,0.002757,0.021576,33.60,28.34
88,0.002528,0.075148,0.006234,0.376005,0.003028,0.023268,33.57,28.35
89,0.002432,0.068341,0.004172,0.344691,0.003068,0.020945,33.56,28.33
90,0.002418,0.068121,0.004693,0.337111,0.002893,0.020912,33.59,28.43
91,0.002354,0.068403,0.004969,0.343515,0.003069,0.021055,33.59,28.63
92,0.002421,0.067917,0.004656,0.347673,0.002778,0.021662,33.57,28.42
93,0.002344,0.070040,0.004049,0.355373,0.002896,0.021740,33.61,28.38
94,0.002340,0.067518,0.004728,0.352962,0.002796,0.022294,33.75,28.40
95,0.002274,0.068874,0.006385,0.339501,0.003146,0.022582,33.60,28.43
96,0.002405,0.070241,0.004658,0.359647,0.002866,0.022120,33.60,28.36
97,0.002289,0.070726,0.004343,0.363050,0.002794,0.023491,33.66,28.35
98,0.002534,0.075388,0.005089,0.387292,0.002843,0.025719,33.57,28.38
99,0.002443,0.072493,0.005720,0.347186,0.003094,0.023520,33.61,28.39
100,0.002536,0.071354,0.006760,0.348984,0.002833,0.022989,33.50,28.36
101,0.002350,0.069960,0.004907,0.350741,0.002978,0.022864,33.78,28.37
102,0.002376,0.069744,0.003727,0.346740,0.002789,0.022490,34.22,28.33
103,0.002312,0.071721,0.004645,0.364248,0.002847,0.024260,33.47,28.41
104,0.002323,0.070553,0.005886,0.349060,0.002939,0.023654,33.55,28.34
105,0.002400,0.070423,0.004997,0.344712,0.002793,0.024425,33.64,28.40
106,0.002263,0.069880,0.003642,0.342905,0.002689,0.023227,33.41,28.28
107,0.002326,0.071254,0.004314,0.359543,0.002772,0.022119,33.38,28.28
108,0.002220,0.070646,0.003980,0.356967,0.002644,0.022413,33.43,28.47
109,0.002214,0.071050,0.004372,0.355286,0.002636,0.022669,33.50,28.38
110,0.002177,0.071072,0.004842,0.343417,0.002669,0.023006,33.53,28.38
111,0.002181,0.071170,0.004313,0.353504,0.002591,0.022119,33.70,28.40
112,0.002211,0.071217,0.004875,0.358513,0.002591,0.022579,33.50,28.38
113,0.002224,0.070433,0.004260,0.349287,0.002570,0.023115,33.54,28.38
114,0.002222,0.071170,0.004943,0.373717,0.002620,0.023955,33.52,28.52
115,0.002422,0.074671,0.005259,0.384071,0.002681,0.026060,33.55,28.36
116,0.002113,0.070674,0.005293,0.348620,0.002910,0.022709,33.53,28.38
117,0.002227,0.071145,0.003642,0.333555,0.002487,0.023347,33.33,28.42
118,0.002129,0.071552,0.004764,0.362631,0.002833,0.023698,33.43,28.37
119,0.002282,0.071665,0.003100,0.364952,0.002444,0.025028,33.54,28.40
120,0.002185,0.071096,0.003722,0.370329,0.002540,0.025060,33.45,28.62
121,0.002168,0.071684,0.004263,0.375802,0.002664,0.024164,33.55,28.42
122,0.002167,0.070638,0.004024,0.361865,0.002541,0.023999,33.44,28.39
123,0.002229,0.070806,0.005776,0.366069,0.002833,0.023535,33.69,28.39
124,0.002217,0.072055,0.004936,0.372637,0.002636,0.023885,33.48,28.39
125,0.002217,0.072575,0.003025,0.363246,0.002598,0.023863,33.52,28.40
126,0.002124,0.070153,0.003719,0.351775,0.002651,0.023105,33.47,28.42
127,0.002186,0.072885,0.005212,0.378438,0.002793,0.023634,33.51,28.40
128,0.002366,0.073056,0.006044,0.369046,0.002749,0.024633,33.48,28.41
129,0.002152,0.073474,0.002753,0.384910,0.002512,0.024222,33.65,28.41
130,0.002135,0.073293,0.005204,0.373266,0.002716,0.023142,33.67,28.37
131,0.002117,0.074430,0.003689,0.388482,0.002556,0.024805,33.52,28.41
132,0.002249,0.072458,0.004733,0.372598,0.002628,0.023054,33.56,28.38
133,0.002165,0.072911,0.005437,0.379432,0.002631,0.023467,33.50,28.41
134,0.002100,0.075241,0.003056,0.386464,0.002499,0.023741,33.52,28.47
135,0.002196,0.073658,0.003452,0.379596,0.002591,0.023697,33.45,28.39
136,0.002103,0.074110,0.003929,0.389811,0.002513,0.024039,33.47,28.37
137,0.002164,0.072876,0.004792,0.386384,0.002584,0.023308,33.54,28.46
138,0.002248,0.073922,0.004385,0.379123,0.002514,0.023859,33.55,28.38
139,0.002184,0.073118,0.004018,0.369291,0.002566,0.023960,33.52,28.64
140,0.002168,0.067650,0.005308,0.330941,0.002656,0.021657,33.42,28.37
141,0.002178,0.069509,0.003297,0.342307,0.002412,0.023044,33.50,28.40
142,0.002162,0.069585,0.005430,0.344430,0.002717,0.022130,33.46,28.33
143,0.002203,0.071225,0.004222,0.346457,0.002412,0.022730,33.52,28.41
144,0.002151,0.070712,0.004891,0.358526,0.002639,0.023114,33.50,28.39
145,0.002080,0.071672,0.003590,0.343174,0.002503,0.023367,33.54,28.43
146,0.002158,0.071793,0.005435,0.351213,0.002709,0.023414,33.52,28.40
147,0.002124,0.072312,0.003882,0.348896,0.002572,0.023066,33.54,28.39
148,0.002225,0.072865,0.005754,0.351928,0.002695,0.022892,33.50,28.42
149,0.002194,0.075229,0.003096,0.379012,0.002433,0.025427,37.58,30.66
150,0.002140,0.073607,0.004230,0.368777,0.002493,0.023796,35.98,28.41
151,0.002296,0.073300,0.005993,0.365963,0.002638,0.024029,35.39,28.55
152,0.002122,0.073024,0.003686,0.366777,0.002472,0.024109,35.02,28.42
153,0.002144,0.070999,0.004899,0.353910,0.002598,0.023614,34.77,28.40
154,0.002068,0.073624,0.004535,0.360844,0.002472,0.025009,34.51,28.52
155,0.002149,0.072941,0.004583,0.371045,0.002441,0.026694,34.18,28.39
156,0.002036,0.074262,0.003598,0.363609,0.002443,0.026240,34.10,28.41
157,0.002097,0.075035,0.004492,0.374824,0.002550,0.027330,33.87,28.43
158,0.002089,0.073835,0.004480,0.370642,0.002525,0.025588,33.87,28.63
159,0.002086,0.073261,0.003574,0.366951,0.002370,0.025862,33.83,28.42
160,0.002125,0.073282,0.004303,0.362213,0.002518,0.026248,33.55,28.38
161,0.002152,0.073279,0.004314,0.374916,0.002380,0.026123,33.78,28.45
162,0.002130,0.074547,0.004728,0.368141,0.002499,0.026442,33.70,28.39
163,0.002080,0.076143,0.003349,0.382597,0.002422,0.026673,33.65,28.40
164,0.002043,0.078176,0.002713,0.392162,0.002360,0.027322,33.64,28.42
165,0.002053,0.077718,0.004481,0.389608,0.002594,0.029398,33.53,28.42
166,0.002128,0.076894,0.005266,0.391258,0.002652,0.027345,33.62,28.42
167,0.002158,0.076564,0.004602,0.403893,0.002556,0.027274,33.49,28.37
168,0.002301,0.077513,0.004855,0.404175,0.002655,0.027860,33.78,28.38
169,0.002210,0.077047,0.005145,0.398903,0.002589,0.026775,33.56,28.43
170,0.002162,0.073676,0.003162,0.374728,0.002724,0.026241,33.50,28.40
171,0.002217,0.077525,0.004372,0.405390,0.002715,0.026316,33.42,28.38
172,0.002198,0.073042,0.004272,0.377862,0.002627,0.025430,33.54,28.40
173,0.002289,0.074948,0.005469,0.382158,0.002687,0.027902,33.45,28.42
174,0.002283,0.076038,0.004003,0.386919,0.002528,0.027452,33.46,28.61
175,0.002088,0.073401,0.004025,0.374454,0.002628,0.027408,33.44,28.36
176,0.002132,0.071689,0.004738,0.368472,0.002706,0.028169,33.47,28.36
177,0.002158,0.072157,0.004984,0.369763,0.002568,0.029184,33.59,28.64
178,0.002079,0.071553,0.003362,0.367589,0.002435,0.028720,33.44,28.38
179,0.002033,0.072123,0.003061,0.377487,0.002478,0.028724,33.53,28.40
180,0.002047,0.072955,0.003027,0.379376,0.002367,0.029764,33.65,28.41
181,0.002007,0.072545,0.003263,0.368981,0.002432,0.029043,33.47,28.41
182,0.002123,0.073358,0.003601,0.367177,0.002386,0.030061,33.60,28.42
183,0.002214,0.075385,0.003567,0.395262,0.002666,0.028905,33.40,28.41
184,0.002379,0.071249,0.004616,0.389755,0.002813,0.027185,33.44,28.36
185,0.002281,0.071511,0.004078,0.384795,0.002751,0.026847,33.59,28.44
186,0.002229,0.073526,0.003341,0.388237,0.002567,0.028503,33.49,28.40
187,0.002105,0.074156,0.003630,0.385136,0.002598,0.029025,33.71,28.44
188,0.002111,0.071899,0.004238,0.381049,0.002645,0.028729,33.53,28.41
189,0.002169,0.073175,0.003713,0.378382,0.002578,0.028744,33.53,28.42
190,0.002059,0.074505,0.002958,0.381491,0.002557,0.028144,33.50,28.37
191,0.002247,0.075216,0.005089,0.399838,0.002760,0.029970,33.53,28.41
192,0.002176,0.072710,0.003911,0.379715,0.002587,0.026150,33.46,28.43
193,0.002021,0.072801,0.002955,0.399430,0.002531,0.025316,33.59,28.41
194,0.002109,0.074762,0.003901,0.394763,0.002511,0.027005,33.43,28.44
195,0.002076,0.073506,0.004085,0.391785,0.002595,0.026910,33.39,28.43
196,0.002104,0.075608,0.003268,0.392871,0.002387,0.026649,33.48,28.65
197,0.002043,0.075081,0.003654,0.402243,0.002506,0.028878,33.41,28.39
198,0.002146,0.075455,0.003927,0.399288,0.002427,0.028821,33.56,28.35
199,0.002084,0.075475,0.004531,0.409673,0.002571,0.028980,33.51,28.39
200,0.002150,0.078544,0.004801,0.400958,0.002530,0.029300,33.45,28.37
201,0.002106,0.077382,0.003855,0.402564,0.002458,0.028600,33.50,28.38
202,0.002084,0.077605,0.003373,0.401323,0.002497,0.028951,33.39,28.39
203,0.002089,0.078139,0.003847,0.406660,0.002589,0.030348,33.56,28.34
204,0.002126,0.076074,0.003613,0.389799,0.002441,0.027553,33.43,28.42
205,0.002131,0.078658,0.004243,0.403598,0.002555,0.029520,33.52,28.35
206,0.002064,0.076334,0.002723,0.401675,0.002417,0.027141,33.71,28.39
207,0.002087,0.077604,0.003934,0.397520,0.002681,0.027386,33.54,28.36
208,0.002116,0.079045,0.003922,0.395356,0.002504,0.029736,33.57,28.38
209,0.002024,0.077146,0.003358,0.391677,0.002603,0.027877,33.66,28.42
210,0.002147,0.078020,0.003318,0.395827,0.002449,0.028013,33.49,28.40
211,0.002093,0.077877,0.003962,0.400935,0.002559,0.029129,33.55,28.37
212,0.002096,0.082990,0.003353,0.426723,0.002503,0.033541,33.47,28.42
213,0.002040,0.082327,0.002965,0.431298,0.002475,0.032758,33.50,28.40
214,0.002133,0.078698,0.005135,0.408194,0.002679,0.031313,33.45,28.39
215,0.002160,0.079958,0.004418,0.406748,0.002521,0.031918,33.46,28.40
216,0.002189,0.082358,0.003994,0.414738,0.002528,0.034368,33.64,28.41
217,0.001954,0.080389,0.002079,0.394027,0.002414,0.032721,33.57,28.45
218,0.001971,0.079325,0.003043,0.400498,0.002639,0.032328,33.54,28.38
219,0.002026,0.079423,0.003816,0.397895,0.002528,0.031329,33.51,28.41
220,0.002091,0.081412,0.002742,0.418251,0.002443,0.032161,33.55,28.37
221,0.002017,0.082480,0.002736,0.413372,0.002417,0.033239,33.44,28.38
222,0.001982,0.084173,0.002784,0.415555,0.002495,0.033365,33.46,28.37
223,0.002076,0.076929,0.003649,0.390322,0.002728,0.027813,33.50,28.37
224,0.002222,0.076747,0.003719,0.385669,0.002566,0.027264,33.46,28.34
225,0.002107,0.075564,0.003360,0.383938,0.002450,0.025134,33.48,28.59
226,0.002056,0.077155,0.003041,0.384555,0.002378,0.025432,33.36,28.38
227,0.002010,0.077128,0.003552,0.381949,0.002564,0.024738,33.53,28.39
228,0.001947,0.079771,0.002086,0.401435,0.002406,0.029311,33.48,28.35
229,0.001988,0.075666,0.002673,0.392618,0.002553,0.024567,33.52,28.36
230,0.001988,0.076757,0.002091,0.399791,0.002453,0.026075,33.56,28.40
231,0.001995,0.075977,0.003050,0.371067,0.002591,0.026636,33.51,28.34
232,0.002113,0.077003,0.004197,0.375955,0.002662,0.027730,33.61,28.37
233,0.002111,0.073955,0.002421,0.367998,0.002376,0.025549,33.55,28.41
234,0.002069,0.076141,0.003904,0.392680,0.002752,0.027677,33.57,28.37
235,0.002150,0.074278,0.004204,0.380102,0.002778,0.024104,33.82,28.40
236,0.002149,0.073395,0.002883,0.376968,0.002388,0.025953,33.59,28.39
237,0.002110,0.076286,0.003362,0.386867,0.002668,0.026058,33.49,28.66
238,0.002039,0.075006,0.002388,0.382864,0.002462,0.027049,33.56,28.38
239,0.002077,0.074808,0.003590,0.368057,0.002542,0.027042,33.44,28.43
240,0.002064,0.077023,0.003022,0.385724,0.002431,0.026868,33.53,28.41
241,0.002001,0.075760,0.002744,0.391762,0.002454,0.026370,33.67,28.40
242,0.001954,0.073991,0.003495,0.374598,0.002507,0.026493,33.53,28.39
243,0.002076,0.073741,0.003693,0.376447,0.002458,0.025977,33.54,28.37
244,0.002076,0.075956,0.003028,0.379376,0.002354,0.027642,33.56,28.64
245,0.002004,0.077040,0.003358,0.382960,0.002458,0.028330,33.58,28.45
246,0.001925,0.077243,0.002691,0.391294,0.002345,0.029284,33.56,28.43
247,0.002002,0.076019,0.002617,0.389731,0.002309,0.028880,33.48,28.45
248,0.001942,0.076872,0.002607,0.382814,0.002336,0.028110,33.54,28.47
249,0.001900,0.077089,0.003310,0.383872,0.002426,0.028754,33.80,28.45
250,0.002077,0.076442,0.004937,0.384036,0.002577,0.028602,33.64,28.40
251,0.002089,0.076727,0.003252,0.382405,0.002384,0.028195,33.62,28.42
252,0.001998,0.077437,0.003001,0.397546,0.002409,0.028662,33.72,28.50
253,0.001928,0.079027,0.002055,0.397821,0.002322,0.030519,33.46,28.27
254,0.001955,0.078896,0.002928,0.400858,0.002455,0.029663,33.79,28.41
255,0.001933,0.079745,0.002372,0.408885,0.002365,0.030790,33.43,28.41
256,0.002023,0.080351,0.003000,0.412002,0.002466,0.030690,33.55,28.35
257,0.002137,0.078163,0.003949,0.400120,0.002505,0.031230,33.52,28.40
258,0.002274,0.065825,0.004272,0.334991,0.002859,0.025330,33.57,28.36
259,0.002193,0.068904,0.003979,0.346316,0.002621,0.028611,33.49,28.41
260,0.002137,0.068396,0.003380,0.329683,0.002625,0.026819,33.47,28.40
261,0.002089,0.069001,0.003029,0.321777,0.002387,0.025088,33.50,28.40
262,0.002007,0.070080,0.002396,0.334141,0.002392,0.026663,33.51,28.35
263,0.002010,0.068997,0.002918,0.335611,0.002513,0.025445,33.57,28.67
264,0.002013,0.069010,0.002664,0.343353,0.002375,0.027961,33.49,28.38
265,0.002008,0.070241,0.003552,0.354430,0.002515,0.028177,33.52,28.39
266,0.001984,0.069952,0.004791,0.352116,0.002572,0.027651,33.51,28.51
267,0.002106,0.069435,0.002771,0.328500,0.002510,0.024708,33.52,28.38
268,0.002064,0.068616,0.003990,0.340429,0.002661,0.026451,33.50,28.38
269,0.002153,0.070503,0.002977,0.346092,0.002510,0.025780,33.57,28.39
270,0.002030,0.070162,0.003989,0.346998,0.002634,0.027212,33.49,28.40
271,0.002122,0.070478,0.003522,0.358343,0.002522,0.026537,33.54,28.35
272,0.002004,0.070899,0.003025,0.361735,0.002589,0.025570,33.60,28.43
273,0.001977,0.072472,0.002941,0.365222,0.002460,0.028039,33.68,28.39
274,0.001981,0.073132,0.002937,0.366149,0.002573,0.025971,34.28,28.45
275,0.002128,0.075148,0.004737,0.377940,0.002559,0.028312,33.57,28.39
276,0.001996,0.074337,0.002356,0.363318,0.002388,0.028065,33.51,28.37
277,0.002048,0.073562,0.003557,0.360140,0.002480,0.028317,33.50,28.36
278,0.001936,0.076330,0.002667,0.375093,0.002316,0.029756,33.54,28.39
279,0.002048,0.076197,0.003671,0.371198,0.002332,0.030660,33.49,28.40
280,0.001999,0.075510,0.004116,0.370819,0.002481,0.030916,33.42,28.37
281,0.002039,0.075585,0.003297,0.372571,0.002280,0.030014,33.57,28.36
282,0.001951,0.075855,0.003093,0.375898,0.002392,0.030625,33.52,28.55
283,0.002018,0.077035,0.003252,0.367264,0.002350,0.029542,33.47,28.42
284,0.002019,0.075767,0.003266,0.362579,0.002509,0.029245,33.45,28.35
285,0.001973,0.074707,0.002708,0.350817,0.002424,0.029122,33.41,28.37
286,0.001934,0.075132,0.002911,0.359201,0.002345,0.028453,33.44,28.36
287,0.001940,0.075489,0.003240,0.369227,0.002486,0.029300,33.46,28.41
288,0.001951,0.076835,0.002684,0.381287,0.002367,0.029757,33.44,28.36
289,0.001964,0.077556,0.002671,0.373159,0.002339,0.027963,33.54,28.35
290,0.001883,0.077748,0.001753,0.390192,0.002330,0.029856,33.62,28.35
291,0.002085,0.078698,0.003695,0.383880,0.002506,0.032062,33.52,28.36
292,0.002143,0.078485,0.003091,0.374314,0.002474,0.031814,33.65,28.51
293,0.002062,0.075878,0.003451,0.377614,0.002527,0.031625,33.46,28.39
294,0.002008,0.078290,0.003190,0.379035,0.002376,0.033484,33.39,28.34
295,0.001940,0.077684,0.003323,0.375637,0.002462,0.031778,33.66,28.35
296,0.001942,0.080403,0.002364,0.393985,0.002355,0.034815,33.50,28.39
297,0.001941,0.078927,0.003333,0.377832,0.002514,0.032610,33.36,28.35
298,0.001977,0.078951,0.003161,0.373247,0.002353,0.034036,33.44,28.35
299,0.002027,0.077547,0.004197,0.375189,0.002451,0.032042,33.54,28.39
300,0.002041,0.078780,0.003472,0.382320,0.002330,0.032500,33.50,28.41
301,0.001882,0.076288,0.002327,0.360131,0.002314,0.030185,33.49,28.42
302,0.001954,0.079040,0.002976,0.384622,0.002298,0.032612,33.64,28.40
303,0.001870,0.079681,0.002668,0.387977,0.002394,0.032528,33.44,28.41
304,0.001909,0.079461,0.002659,0.386680,0.002247,0.033405,33.46,28.33
305,0.001902,0.078721,0.002286,0.372979,0.002239,0.031414,33.43,28.40
306,0.001935,0.078614,0.003245,0.376182,0.002338,0.031240,33.45,28.39
307,0.002041,0.077846,0.003489,0.373952,0.002303,0.031251,33.52,28.35
308,0.001874,0.078726,0.002293,0.384070,0.002269,0.032535,33.63,28.37
309,0.001940,0.075462,0.002375,0.368262,0.002399,0.030115,33.42,28.43
310,0.001950,0.071673,0.003030,0.342212,0.002436,0.028391,33.44,28.39
311,0.001988,0.074976,0.002943,0.363386,0.002372,0.031199,33.50,28.61
312,0.001936,0.077486,0.002283,0.365210,0.002282,0.033459,33.48,28.35
313,0.001918,0.079422,0.002362,0.365766,0.002323,0.032814,33.46,28.37
314,0.001914,0.079469,0.002376,0.377041,0.002217,0.034603,33.40,28.38
315,0.001913,0.077079,0.002679,0.372754,0.002338,0.032911,33.54,28.37
316,0.001981,0.078410,0.002679,0.370328,0.002218,0.034013,33.54,28.32
317,0.001983,0.075978,0.004030,0.364894,0.002386,0.032599,33.57,28.39
318,0.001911,0.076454,0.002026,0.373386,0.002176,0.032994,33.48,28.40
319,0.001900,0.077445,0.002359,0.377041,0.002278,0.033564,33.52,28.40
320,0.001860,0.077408,0.002340,0.380504,0.002235,0.033901,33.41,28.39
321,0.001895,0.077830,0.002850,0.386431,0.002251,0.032968,33.75,28.40
322,0.001816,0.077083,0.002650,0.382482,0.002328,0.032590,33.44,28.45
323,0.001937,0.079060,0.002356,0.392842,0.002226,0.033023,33.42,28.36
324,0.001855,0.078604,0.002342,0.389841,0.002310,0.032035,33.54,28.36
325,0.001832,0.079424,0.002027,0.403123,0.002269,0.031956,33.50,28.36
326,0.001936,0.078312,0.003861,0.395687,0.002469,0.032594,33.63,28.46
327,0.001926,0.079526,0.002363,0.387077,0.002342,0.034099,33.53,28.43
328,0.001939,0.078478,0.002593,0.374525,0.002343,0.031361,33.47,28.39
329,0.001917,0.078850,0.002275,0.382727,0.002331,0.034143,33.48,28.33
330,0.001869,0.076338,0.002905,0.376758,0.002477,0.031272,33.52,28.59
331,0.001994,0.077891,0.003170,0.387373,0.002383,0.032019,33.46,28.42
332,0.001970,0.078845,0.003293,0.406438,0.002404,0.033495,33.47,28.60
333,0.001958,0.078003,0.002992,0.389017,0.002302,0.033257,33.44,28.32
334,0.001871,0.078366,0.001714,0.390654,0.002169,0.033956,33.47,28.37
335,0.001884,0.077776,0.002660,0.385616,0.002318,0.033138,33.64,28.42
336,0.001870,0.078148,0.001723,0.385659,0.002248,0.033491,33.55,28.42
337,0.001878,0.076418,0.002016,0.388359,0.002166,0.031792,33.65,28.41
338,0.001911,0.078117,0.002663,0.385041,0.002229,0.032261,33.59,28.39
339,0.001917,0.076511,0.002666,0.383181,0.002204,0.030115,33.50,28.42
340,0.001927,0.078435,0.002585,0.385839,0.002226,0.031217,33.70,29.20
341,0.001874,0.076965,0.002671,0.387411,0.002305,0.032039,33.51,28.44
342,0.001880,0.079546,0.002911,0.388456,0.002207,0.033279,33.51,28.37
343,0.001884,0.080358,0.003307,0.394832,0.002335,0.034128,33.53,28.37
344,0.001902,0.080639,0.002893,0.395848,0.002225,0.033475,33.52,28.44
345,0.001885,0.077902,0.002043,0.373366,0.002169,0.030274,33.36,28.41
346,0.001895,0.075415,0.003070,0.356299,0.002466,0.027271,33.53,28.34
347,0.002629,0.070530,0.005980,0.322996,0.003279,0.026446,33.46,28.34
348,0.002444,0.073060,0.001652,0.333150,0.002608,0.028495,33.45,28.55
349,0.002177,0.074356,0.003159,0.335403,0.002921,0.030709,33.45,28.69
350,0.002101,0.075193,0.003401,0.344611,0.002778,0.032535,33.47,28.40
351,0.002172,0.074602,0.005435,0.347170,0.002739,0.032901,33.45,28.44
352,0.002127,0.076607,0.003510,0.357193,0.002472,0.034425,35.44,28.69
353,0.002064,0.078021,0.004208,0.383604,0.002384,0.035470,33.63,28.45
354,0.001991,0.078051,0.004274,0.376657,0.002417,0.035228,33.60,28.41
355,0.001986,0.078557,0.004207,0.380333,0.002385,0.035181,33.47,28.41
356,0.002019,0.079357,0.004767,0.384201,0.002424,0.034064,33.61,28.39
357,0.001994,0.080285,0.003633,0.384350,0.002291,0.036835,33.46,28.41
358,0.001944,0.077926,0.002913,0.383701,0.002297,0.033460,33.53,28.37
359,0.001964,0.079548,0.003704,0.399412,0.002327,0.036251,33.68,28.43
360,0.001927,0.079063,0.002986,0.368577,0.002247,0.035248,33.34,29.95
361,0.001867,0.077809,0.002659,0.351724,0.002261,0.034029,34.92,28.82
362,0.001850,0.077803,0.003149,0.362888,0.002332,0.033811,33.69,28.54
363,0.001974,0.078341,0.003950,0.368736,0.002329,0.034583,33.64,28.44
364,0.001988,0.077956,0.002751,0.368621,0.002257,0.035719,33.62,28.52
365,0.002037,0.075310,0.003251,0.351025,0.002335,0.030193,33.63,28.46
366,0.002041,0.082311,0.003084,0.373703,0.002422,0.033710,33.59,28.49
367,0.002243,0.074656,0.002541,0.313734,0.002599,0.028160,33.58,28.42
368,0.002140,0.072820,0.003060,0.302302,0.002600,0.028033,33.40,28.62
369,0.002010,0.073664,0.003684,0.316289,0.002656,0.028462,33.61,28.48
370,0.002136,0.075704,0.005121,0.340865,0.002583,0.030301,33.62,28.47
371,0.002012,0.074994,0.001738,0.353881,0.002266,0.029139,33.63,28.45
372,0.001969,0.075737,0.003544,0.358732,0.002526,0.029006,33.56,28.43
373,0.001925,0.076904,0.002674,0.369133,0.002348,0.030953,33.59,28.51
374,0.001977,0.076627,0.002363,0.357027,0.002318,0.031148,33.67,28.51
375,0.001900,0.078922,0.003003,0.377923,0.002385,0.031747,33.68,28.42
376,0.001969,0.079804,0.002698,0.389539,0.002326,0.033142,33.53,28.43
377,0.001859,0.079963,0.003229,0.393427,0.002364,0.034679,33.58,28.45
378,0.002013,0.081947,0.003550,0.393946,0.002393,0.034268,33.75,28.50
379,0.001943,0.080483,0.003303,0.385671,0.002271,0.033841,33.47,28.49
380,0.001977,0.080700,0.003236,0.391879,0.002381,0.034748,33.82,28.58
381,0.001876,0.082056,0.002661,0.394362,0.002403,0.034917,33.81,28.51
382,0.001995,0.083466,0.003773,0.392290,0.002533,0.038371,33.73,28.49
383,0.001986,0.079848,0.002401,0.376537,0.002508,0.035444,33.70,28.56
384,0.002004,0.080513,0.003871,0.388403,0.002572,0.036429,33.66,28.53
385,0.002017,0.081578,0.003315,0.401658,0.002452,0.035998,33.59,28.55
386,0.001937,0.082182,0.003939,0.400261,0.002561,0.035779,33.64,28.49
387,0.001964,0.084260,0.003317,0.402371,0.002526,0.036553,33.64,28.58
388,0.001943,0.083780,0.003292,0.405422,0.002455,0.036795,33.80,28.61
389,0.001927,0.082892,0.003219,0.396651,0.002338,0.036447,33.80,28.64
390,0.001906,0.081674,0.004100,0.387274,0.002348,0.034861,33.84,28.94
391,0.001947,0.084716,0.003885,0.412166,0.002361,0.036597,33.69,28.62
392,0.001999,0.083947,0.004035,0.402749,0.002412,0.033769,33.68,28.57
393,0.001908,0.085674,0.002996,0.398836,0.002329,0.035614,33.67,28.54
394,0.001918,0.084091,0.003283,0.400321,0.002311,0.035065,33.66,28.56
395,0.001963,0.081964,0.003952,0.392123,0.002360,0.035608,33.72,28.62
396,0.001963,0.081276,0.002919,0.384583,0.002339,0.033820,33.66,28.62
397,0.001981,0.080873,0.004574,0.382052,0.002585,0.034529,33.77,28.69
398,0.002021,0.082636,0.003821,0.383918,0.002351,0.035943,33.83,28.61
399,0.002045,0.084234,0.003554,0.397473,0.002366,0.035483,33.73,28.54
400,0.001876,0.084289,0.002917,0.395034,0.002295,0.034709,33.70,28.62
401,0.001926,0.086931,0.002656,0.395388,0.002325,0.037115,33.74,28.63
402,0.001928,0.083272,0.004099,0.388395,0.002419,0.035106,33.69,28.62
403,0.001878,0.084812,0.002653,0.385343,0.002373,0.035672,33.76,28.53
404,0.001906,0.082868,0.003220,0.389288,0.002290,0.034120,33.76,28.60
405,0.001917,0.082045,0.002983,0.373153,0.002374,0.033895,33.70,28.60
406,0.001880,0.080787,0.002578,0.384773,0.002185,0.034518,33.67,28.62
407,0.001883,0.083084,0.002651,0.394559,0.002220,0.035439,33.93,28.60
408,0.001907,0.080804,0.002575,0.386734,0.002183,0.034886,33.78,28.63
409,0.001868,0.081803,0.003773,0.389182,0.002400,0.034425,33.65,28.68
410,0.001894,0.081723,0.003143,0.385390,0.002277,0.034456,33.74,28.57
411,0.001879,0.082340,0.002669,0.389285,0.002332,0.035946,33.73,28.59
412,0.001936,0.081804,0.003619,0.382238,0.002367,0.036163,33.74,28.56
413,0.001884,0.081467,0.002970,0.386495,0.002305,0.035280,33.66,28.58
414,0.001906,0.079725,0.003850,0.368715,0.002474,0.034783,33.68,28.59
415,0.001939,0.079659,0.003293,0.375872,0.002313,0.035481,33.64,28.64
416,0.001924,0.082373,0.003528,0.386190,0.002345,0.036725,33.78,28.65
417,0.001926,0.082908,0.002576,0.396867,0.002333,0.035846,33.75,28.60
418,0.001837,0.083032,0.002344,0.392271,0.002435,0.037281,33.65,28.53
419,0.001821,0.082818,0.002333,0.397076,0.002366,0.036457,33.68,28.55
420,0.001889,0.081759,0.003223,0.389833,0.002385,0.036428,33.59,28.47
421,0.001825,0.081918,0.002342,0.388886,0.002303,0.036410,33.67,28.53
422,0.001889,0.082498,0.003215,0.385725,0.002413,0.036829,33.63,28.50
423,0.001950,0.081402,0.003860,0.396060,0.002444,0.035258,33.57,28.52
424,0.001951,0.081787,0.003772,0.405421,0.002431,0.035289,33.67,28.54
425,0.001841,0.081610,0.002959,0.403974,0.002322,0.034891,33.63,28.51
426,0.001877,0.082743,0.002033,0.388189,0.002248,0.035886,33.66,28.35
427,0.001838,0.083540,0.002273,0.407746,0.002239,0.036532,33.45,28.37
428,0.001894,0.082220,0.002911,0.395137,0.002488,0.036185,33.34,28.36
429,0.001908,0.083767,0.003845,0.405471,0.002369,0.037752,33.40,28.54
430,0.001902,0.084157,0.002344,0.393353,0.002304,0.035902,33.48,28.32
431,0.001855,0.083823,0.002274,0.410645,0.002345,0.036414,33.38,28.41
432,0.001930,0.083951,0.003314,0.429536,0.002466,0.036554,33.36,28.36
433,0.001975,0.088531,0.002965,0.477942,0.002398,0.041811,33.43,28.32
434,0.010185,0.047101,0.031853,0.164033,0.011151,0.027220,33.36,28.31
435,0.008951,0.050795,0.039371,0.186973,0.012662,0.027332,33.64,28.53
436,0.007840,0.050109,0.022185,0.155963,0.010268,0.026635,33.42,28.42
437,0.006196,0.047256,0.016775,0.142071,0.008804,0.026920,33.57,28.37
438,0.005967,0.048302,0.014191,0.135279,0.007744,0.025492,33.67,28.43
439,0.005917,0.046026,0.012158,0.141291,0.008190,0.026453,33.62,28.33
440,0.004895,0.045680,0.007403,0.136714,0.006777,0.025487,33.38,28.35
441,0.004308,0.045913,0.007496,0.141890,0.005678,0.025272,33.34,28.34
442,0.003838,0.046660,0.007737,0.130644,0.005228,0.024205,33.50,28.34
443,0.003631,0.046834,0.003483,0.133880,0.004357,0.024177,33.63,28.32
444,0.003245,0.046962,0.005061,0.138289,0.004086,0.024190,33.34,28.36
445,0.003097,0.046001,0.004467,0.129440,0.003861,0.023968,33.74,28.35
446,0.003263,0.046985,0.004936,0.151094,0.003884,0.026605,33.81,28.34
447,0.003205,0.047826,0.006243,0.150266,0.003929,0.026208,33.51,28.32
448,0.003149,0.046662,0.007895,0.153203,0.003929,0.026824,33.43,28.36
449,0.002960,0.047896,0.005659,0.150262,0.003641,0.026179,33.40,28.44
450,0.002936,0.048162,0.005539,0.147532,0.003672,0.025647,33.37,28.30
451,0.002755,0.047917,0.004364,0.156102,0.003323,0.025740,33.37,28.39
452,0.002788,0.047961,0.002669,0.148467,0.003158,0.024998,33.41,28.40
453,0.002781,0.047766,0.004978,0.149417,0.003402,0.024460,33.47,28.32
454,0.002584,0.048250,0.003843,0.147594,0.003144,0.025267,33.33,28.58
455,0.002639,0.048130,0.003885,0.153481,0.003220,0.025093,33.37,28.31
456,0.002542,0.047385,0.004054,0.149186,0.003139,0.025037,33.44,28.32
457,0.002435,0.047250,0.004097,0.152851,0.003125,0.024980,33.34,28.35
458,0.002491,0.047584,0.004744,0.149544,0.003031,0.024660,33.36,28.29
459,0.002434,0.046744,0.002912,0.146553,0.002908,0.025034,33.39,28.48
460,0.002375,0.047869,0.002560,0.156762,0.002850,0.025051,33.43,28.26
461,0.002506,0.047665,0.004351,0.153310,0.002948,0.024797,33.44,28.34
462,0.002381,0.046895,0.004017,0.150989,0.002957,0.025371,33.33,28.40
463,0.002419,0.047578,0.004033,0.154945,0.002791,0.024560,33.42,28.34
464,0.002467,0.047438,0.004078,0.153611,0.002896,0.024842,33.78,28.40
465,0.002308,0.046884,0.003985,0.148738,0.002857,0.024514,33.44,28.34
466,0.002308,0.046470,0.003514,0.161752,0.002761,0.024806,33.39,28.31
467,0.002241,0.047731,0.003692,0.159490,0.002724,0.024544,33.38,28.38
468,0.002288,0.047032,0.003158,0.158674,0.002567,0.024757,33.42,28.32
469,0.002250,0.047308,0.004919,0.154120,0.002811,0.024056,33.38,28.38
470,0.002245,0.047271,0.002990,0.151426,0.002544,0.024429,33.35,28.36
471,0.002209,0.047665,0.002201,0.154148,0.002466,0.024843,33.32,28.38
472,0.002175,0.046889,0.002516,0.149123,0.002639,0.023798,33.32,28.36
473,0.002213,0.047355,0.002899,0.158921,0.002593,0.024050,33.30,28.40
474,0.002246,0.048050,0.003476,0.153641,0.002662,0.024301,33.55,28.35
475,0.002254,0.046957,0.001903,0.150733,0.002558,0.024529,33.31,28.39
476,0.002226,0.046955,0.003863,0.154641,0.002697,0.024404,33.40,28.34
477,0.002240,0.047287,0.003305,0.158502,0.002625,0.024078,33.39,28.42
478,0.002187,0.047796,0.003350,0.158013,0.002544,0.023931,33.43,28.37
479,0.002206,0.047117,0.003601,0.153819,0.002502,0.024408,33.42,28.33
480,0.002152,0.047119,0.002460,0.153387,0.002491,0.024210,33.53,28.35
481,0.002124,0.047865,0.002727,0.153239,0.002461,0.023717,33.50,28.38
482,0.002217,0.048774,0.004853,0.165127,0.002696,0.024205,33.35,28.39
483,0.002349,0.048026,0.004040,0.160539,0.002670,0.025182,33.50,28.59
484,0.002293,0.047675,0.003467,0.165998,0.002594,0.025278,33.45,28.31
485,0.002177,0.047840,0.003052,0.162190,0.002568,0.024782,33.45,28.37
486,0.002134,0.047782,0.003394,0.161764,0.002664,0.024589,33.43,28.31
487,0.002187,0.047871,0.003446,0.160046,0.002605,0.024876,33.38,28.39
488,0.002135,0.047661,0.002464,0.161207,0.002437,0.024637,33.36,28.31
489,0.002111,0.048169,0.003709,0.159277,0.002579,0.025358,33.41,28.34
490,0.002143,0.048277,0.003078,0.162533,0.002407,0.025248,33.38,28.36
491,0.002038,0.048105,0.002428,0.164439,0.002353,0.025097,33.47,28.32
492,0.002232,0.048559,0.003277,0.172308,0.002510,0.026268,33.40,28.39
493,0.002173,0.048729,0.003407,0.171589,0.002448,0.025974,33.82,28.38
494,0.002110,0.048526,0.003797,0.164349,0.002573,0.024692,33.39,28.37
495,0.002101,0.048893,0.002915,0.161650,0.002400,0.024752,33.48,28.42
496,0.002153,0.047886,0.003365,0.161489,0.002557,0.025246,33.65,28.34
497,0.002076,0.047538,0.003088,0.158194,0.002413,0.024601,33.45,28.39
498,0.002088,0.047992,0.003595,0.162255,0.002460,0.024640,33.39,28.32
499,0.002187,0.047962,0.004271,0.160979,0.002725,0.026977,33.45,28.38
500,0.002210,0.048270,0.003166,0.159078,0.002624,0.025164,33.38,28.39
501,0.002202,0.047893,0.002522,0.160305,0.002528,0.024889,33.38,28.36
502,0.002115,0.047641,0.003419,0.156528,0.002541,0.023907,33.40,28.52
503,0.002173,0.047714,0.004270,0.157984,0.002616,0.024004,33.38,28.37
504,0.002201,0.047083,0.002717,0.163075,0.002454,0.023982,33.44,28.36
505,0.002095,0.047663,0.003617,0.161827,0.002520,0.024317,33.41,28.35
506,0.002103,0.047929,0.002752,0.162144,0.002360,0.023728,33.34,28.31
507,0.002152,0.047795,0.003811,0.162143,0.002448,0.024017,33.45,28.25
508,0.002076,0.047899,0.002744,0.159222,0.002468,0.024400,33.42,28.36
509,0.002105,0.047813,0.002384,0.165565,0.002399,0.024256,33.38,28.29
510,0.002030,0.047279,0.002987,0.174810,0.002461,0.024423,33.51,28.33
511,0.002050,0.047714,0.002416,0.169518,0.002353,0.024474,33.38,28.34
512,0.002060,0.048314,0.003805,0.167260,0.002517,0.024821,33.77,28.37
513,0.002065,0.048528,0.002770,0.165253,0.002391,0.024807,33.39,28.67
514,0.002110,0.048979,0.003062,0.165545,0.002431,0.025101,33.43,28.29
515,0.002068,0.047738,0.002723,0.159506,0.002299,0.024747,33.48,28.35
516,0.002166,0.047685,0.004802,0.158181,0.002501,0.024338,33.58,28.33
517,0.002013,0.047806,0.003604,0.159502,0.002419,0.024261,33.42,28.31
518,0.002037,0.047536,0.003533,0.170549,0.002440,0.024209,33.56,28.35
519,0.002016,0.047598,0.003921,0.161959,0.002528,0.024523,33.41,28.30
520,0.002012,0.047663,0.002401,0.156310,0.002386,0.024336,33.48,28.27
521,0.002050,0.047194,0.002759,0.155204,0.002379,0.023698,33.39,28.62
522,0.002045,0.047563,0.002994,0.155573,0.002487,0.023821,33.52,28.38
523,0.002011,0.048105,0.003350,0.161975,0.002395,0.023771,33.42,28.39
524,0.002000,0.048059,0.003040,0.164965,0.002382,0.024309,33.58,28.50
525,0.002073,0.047930,0.002684,0.158735,0.002332,0.024407,33.50,28.44
526,0.001990,0.047978,0.002913,0.163452,0.002404,0.024240,33.52,28.46
527,0.002062,0.048451,0.003680,0.166897,0.002568,0.024706,33.61,28.45
528,0.002046,0.047783,0.002660,0.174837,0.002318,0.024324,33.47,28.36
529,0.001943,0.048620,0.002311,0.168838,0.002354,0.023850,33.35,28.28
530,0.001921,0.047731,0.002603,0.166128,0.002320,0.024114,33.41,28.38
531,0.002025,0.048238,0.003658,0.160333,0.002422,0.023964,33.60,28.31
532,0.002054,0.048599,0.003364,0.164613,0.002331,0.024203,33.56,28.33
533,0.002056,0.047903,0.001804,0.164809,0.002174,0.023839,33.37,28.32
534,0.001903,0.048290,0.003011,0.171893,0.002415,0.024582,34.25,29.15
535,0.001928,0.047724,0.002290,0.166153,0.002234,0.024265,33.40,28.34
536,0.002007,0.048108,0.003106,0.172312,0.002376,0.024757,33.39,28.36
537,0.001960,0.047774,0.002708,0.170806,0.002379,0.024846,33.48,28.35
538,0.002020,0.048622,0.003851,0.176477,0.002429,0.024823,33.31,28.40
539,0.002012,0.048480,0.002391,0.164113,0.002201,0.024224,33.45,28.32
540,0.001956,0.048267,0.002727,0.170168,0.002342,0.024442,33.43,28.34
541,0.001956,0.047800,0.002415,0.165412,0.002274,0.023223,33.62,28.37
542,0.001883,0.048667,0.002848,0.169897,0.002384,0.024131,33.47,28.39
543,0.001963,0.048829,0.002697,0.169061,0.002289,0.023754,33.43,28.41
544,0.001946,0.047659,0.002054,0.164963,0.002265,0.023878,33.36,28.34
545,0.001947,0.047952,0.002621,0.166779,0.002280,0.023332,33.38,28.34
546,0.001955,0.048276,0.003024,0.172085,0.002359,0.023224,33.41,28.41
547,0.001938,0.048140,0.002626,0.167602,0.002292,0.023824,33.42,28.39
548,0.001971,0.048118,0.002395,0.172910,0.002249,0.023712,33.33,28.39
549,0.001903,0.048124,0.001749,0.166921,0.002180,0.023905,33.47,28.34
550,0.001942,0.048536,0.003187,0.174080,0.002401,0.024164,33.46,28.60
551,0.001905,0.048422,0.002363,0.166489,0.002291,0.023860,33.38,28.40
552,0.002027,0.048964,0.002699,0.175477,0.002254,0.023983,33.49,28.41
553,0.002025,0.048445,0.002348,0.180587,0.002273,0.023695,33.51,28.57
554,0.001937,0.048905,0.002637,0.179789,0.002304,0.024488,33.53,28.36
555,0.001921,0.048422,0.002888,0.180711,0.002449,0.024357,33.47,28.38
556,0.001911,0.049585,0.003519,0.182332,0.002333,0.025632,33.38,28.36
557,0.001996,0.050001,0.002617,0.180555,0.002248,0.024890,33.28,28.30
558,0.001936,0.049250,0.003248,0.178189,0.002313,0.024721,33.49,28.36
559,0.001968,0.049060,0.002070,0.171780,0.002234,0.023936,33.58,28.35
560,0.001924,0.049070,0.002083,0.178251,0.002214,0.024138,33.62,28.31
561,0.001896,0.050063,0.001751,0.174716,0.002209,0.023974,33.43,28.41
562,0.001954,0.049868,0.002663,0.189328,0.002288,0.024203,33.53,28.34
563,0.002135,0.049039,0.003683,0.182868,0.002640,0.023836,33.43,28.37
564,0.002064,0.048702,0.002972,0.169968,0.002404,0.023904,33.45,28.33
565,0.002268,0.048832,0.003313,0.149597,0.002627,0.024201,33.43,28.34
566,0.002516,0.048082,0.004700,0.153635,0.003018,0.024067,33.42,28.35
567,0.002365,0.048002,0.003502,0.156856,0.002854,0.024287,33.38,28.33
568,0.002455,0.048505,0.005923,0.172218,0.003049,0.025725,33.49,28.37
569,0.002689,0.048076,0.003953,0.178248,0.003107,0.027740,33.63,28.86
570,0.002547,0.049131,0.002919,0.173233,0.002877,0.026284,33.58,28.50
571,0.002219,0.047368,0.001607,0.174080,0.002723,0.026485,33.69,28.61
572,0.002161,0.049227,0.002813,0.182412,0.002792,0.026547,33.86,28.63
573,0.002149,0.047800,0.002312,0.189608,0.002483,0.026757,33.75,28.47
574,0.002069,0.047910,0.002143,0.181030,0.002505,0.027065,33.46,28.40
575,0.002172,0.048718,0.002999,0.180506,0.002398,0.026768,33.45,28.39
576,0.002097,0.048850,0.003039,0.193066,0.002536,0.027741,33.40,28.41
577,0.002071,0.048603,0.001789,0.191969,0.002305,0.028120,33.34,28.36
578,0.001983,0.049195,0.002594,0.186591,0.002385,0.027525,33.45,28.40
579,0.001982,0.049059,0.001799,0.184914,0.002332,0.027645,33.68,28.29
580,0.002041,0.048037,0.003372,0.184697,0.002441,0.027469,33.31,28.33
581,0.001993,0.049455,0.002091,0.185101,0.002330,0.027165,33.42,28.37
582,0.001993,0.047975,0.002327,0.183052,0.002278,0.027218,33.66,28.41
583,0.001934,0.048819,0.001795,0.186896,0.002284,0.027222,33.47,28.40
584,0.001946,0.049478,0.002246,0.189157,0.002333,0.026745,33.45,28.34
585,0.001974,0.048797,0.002414,0.186551,0.002340,0.027222,33.53,28.50
586,0.001938,0.048851,0.001765,0.193639,0.002278,0.027351,33.69,28.58
587,0.001980,0.049100,0.002383,0.183500,0.002305,0.027366,33.74,28.54
588,0.001991,0.047612,0.004788,0.187375,0.002541,0.026976,33.70,28.82
589,0.002039,0.049560,0.003146,0.197845,0.002305,0.027561,33.66,28.60
590,0.001921,0.047558,0.002701,0.181571,0.002364,0.027389,33.48,28.45
591,0.001905,0.047458,0.002598,0.184611,0.002246,0.027431,33.46,28.40
592,0.001903,0.048346,0.002699,0.193540,0.002308,0.027563,33.53,28.39
593,0.001937,0.048427,0.001656,0.191053,0.002208,0.027281,33.46,28.39
594,0.001929,0.048189,0.003207,0.199957,0.002411,0.027127,33.42,28.42
595,0.001950,0.048586,0.002383,0.196462,0.002325,0.026779,33.44,28.44
596,0.001971,0.048641,0.001758,0.199749,0.002244,0.027370,33.50,28.37
597,0.001939,0.048684,0.002406,0.199026,0.002294,0.027788,33.43,28.44
598,0.001921,0.049794,0.002048,0.202882,0.002165,0.027705,33.73,28.39
599,0.001908,0.048802,0.001891,0.201041,0.002166,0.026987,33.46,28.34
